---
layout: default
---

<html>
<!-- 
    John Balis 2020 
    This program is free software: you can redistribute it and/or modify
    it under the terms of the GNU General Public License as published by
    the Free Software Foundation, either version 3 of the License, or
    (at your option) any later version.

    This program is distributed in the hope that it will be useful,
    but WITHOUT ANY WARRANTY; without even the implied warranty of
    MERCHANTABILITY or FITNESS FOR A PARTICULAR PURPOSE.  See the
    GNU General Public License for more details.

    You should have received a copy of the GNU General Public License
    along with this program.  If not, see <https://www.gnu.org/licenses/>. 
-->

<!-- Original program taken from John U. Balis (balis@wisc.edu) altered by Andrew Geng (ageng@wisc.edu) -->
<canvas  id="myCanvas" style="
    /* canvas styling adapted from https://stackoverflow.com/a/7665647/5923617 user: https://stackoverflow.com/users/742156/namuol */
    image-rendering: optimizeSpeed;
    image-rendering: -moz-crisp-edges;          
    image-rendering: -webkit-optimize-contrast;
    image-rendering: -o-crisp-edges;            
    image-rendering: pixelated;               
    -ms-interpolation-mode: nearest-neighbor;
    width:150px;height:150px;border-style:solid;" width=28px height=28px>
</canvas>
<br/>
<row>
    <button id="clearButton" style="width:70px;height:40px;">Clear</button>
    <input hidden=true id = "labelInput">
</row>
<button id="classifyButton" style="width:90px;height:40px;">Classify</button>
<p id="featureDisplay"></p>
<script type='text/javascript' src= "https://cdnjs.cloudflare.com/ajax/libs/mathjs/6.6.0/math.min.js"></script>
<script> 
    applyNoise= (value) => {
        return value += (Math.random() - .5) *.000000000001
    }

    multiVariateNormal = (model,index,observation) => {
        let covar = math.matrix(model[index]["covar"]);
        let mean = math.matrix(model[index]["mean"]);
        let x = math.matrix(observation);

        let offset = math.subtract(x,mean);
        let offsetTranspose = math.transpose(offset);
        let covarInverse = math.inv(covar);
        let k = observation.length;

        expTerm = math.multiply(-.5, offsetTranspose , covarInverse, offset);
        numerator = math.exp(expTerm);
        covDet = math.det(math.map(covar, applyNoise));
        denomCoefficient = math.pow(math.multiply(2, math.pi),k);
        denominator = math.sqrt(denomCoefficient * covDet);
        console.log([index, numerator, denominator])
        return numerator / denominator;
    }

    model = [{'label': 'a', 'covar': [[2.498132939349457e-05, 5.153513908933137e-06, 9.40697164470472e-06, 1.1053878946698212e-05, 1.0401377445266659e-05, 7.120071241688387e-06, 2.2446153680061303e-06, 1.3735888868744484e-05, 2.164739678039102e-05, 3.092094869591832e-05, 3.115757355721029e-05, 2.538512724759643e-05, 1.675791648239516e-05, 5.337689155890823e-06, 2.5509840668062923e-05, 3.789921154282251e-05, 5.18802631344692e-05, 5.09096998177953e-05, 4.080073210074559e-05, 2.6425523919380456e-05, 7.342946006801889e-06, 3.452535087665793e-05, 4.933418520978567e-05, 6.57707671904136e-05, 6.25261920803018e-05, 5.018698956485811e-05, 3.170093577581397e-05, 6.551080999930957e-06, 3.854084098710749e-05, 5.254169714500385e-05, 6.746102796331195e-05, 6.028894506975076e-05, 4.833821044480136e-05, 2.8735111740452562e-05, 1.8109170246292913e-06, 3.116075480102338e-05, 4.1773841375025086e-05, 5.264071035070189e-05, 4.3162697344537486e-05, 3.652097736619241e-05, 1.8842949880122648e-05, -5.673076958617421e-06, 2.2451255220820463e-05, 2.9594230455408197e-05, 3.59491812770174e-05, 2.419944735798253e-05, 2.195117428150753e-05, 7.479705801344339e-06, -1.1739376828738758e-05, 2.6580616946314497e-05, 2.8355593252881227e-05, 2.7053730339699924e-05, 1.8860881393189884e-05, 3.0412336475727193e-05, 3.241955016138111e-05, 3.0414731469371226e-05, 1.9439625949817215e-05, 3.279146564419516e-05, 3.4866308041449934e-05, 3.215777452735022e-05, 1.8805640959080215e-05, 3.347806191919511e-05, 3.5464822296267934e-05, 3.222344669886764e-05, 1.7196998846916768e-05], [5.153513908933137e-06, 6.357117404853667e-05, 9.933917008889561e-05, 0.00014416001256342017, 0.00015694971963010052, 0.00013256327192664546, 8.390770714442401e-05, 2.5487961796089754e-05, 0.00011348299933295709, 0.00023645806978581246, 0.0003322894396997424, 0.00035606511746773104, 0.0002897119612719056, 0.00018280911690843294, 4.6994849630757884e-05, 0.00018302578800747236, 0.00036572884099585575, 0.0005132206650163697, 0.0005543051246004927, 0.00044362590800495124, 0.00027060075216500933, 6.202592825556519e-05, 0.00022307000011581506, 0.00043644708241459383, 0.0006168743669469202, 0.0006705778485571312, 0.0005315330402192076, 0.00030992686947096964, 6.380285746807975e-05, 0.0002127423928750363, 0.000406978585687804, 0.0005832601079348963, 0.0006417165073723069, 0.0004999567360466974, 0.00026932702738232967, 4.7130555427728e-05, 0.00015628606693061277, 0.0003042189335880885, 0.00044772914942923473, 0.0005149017141392569, 0.0004011214152993923, 0.00019805712652209184, 2.8070876695274588e-05, 0.0001000289080250955, 0.000197524453475211, 0.00030126246077319407, 0.00036932221711067124, 0.0002931393640521703, 0.00014153888423628386, 0.00021586864730403218, 0.00024936453966803413, 0.0002567615199687735, 0.0002494215213442419, 0.00024373235223631924, 0.00028330533824634166, 0.0002891494826155579, 0.0002745726303880397, 0.0002618496855371456, 0.0003079358803350241, 0.000313354866186871, 0.000293561736660758, 0.00026487104388050895, 0.0003161305003824765, 0.00032255955437398025, 0.00030002462072324307], [9.40697164470472e-06, 9.933917008889561e-05, 0.0002936260617950809, 0.00041954191910245365, 0.00047815747457961936, 0.0004432636793599473, 0.00032740890634917183, 4.132935038527749e-05, 0.00026641663206859495, 0.0006205250487653387, 0.0009344268847871431, 0.0010546444713913606, 0.0009388453364578932, 0.000684298180132947, 7.617716435927612e-05, 0.00042772301216019437, 0.0009526903597966913, 0.0014292255131318366, 0.0016199619118196862, 0.0014061355786973782, 0.0009889872592041948, 9.91542633002442e-05, 0.0005194255054075251, 0.0011310159539194326, 0.001708479315847268, 0.0019381989842381852, 0.001650956147036277, 0.0011092844803783873, 9.698374781176615e-05, 0.0004882645147805607, 0.001041625608889103, 0.0015946176378067458, 0.0018075707026576565, 0.0014813234291713008, 0.0008976468815016738, 6.651946642457703e-05, 0.00035641446712870556, 0.0007783641305841044, 0.0012255130976649448, 0.001419813269092883, 0.0011289059109400497, 0.0005907104702513256, 3.374464669339146e-05, 0.0002268052351595449, 0.0005034229995730564, 0.0008284406621659758, 0.0009934755273853489, 0.0007725436527869647, 0.00034405304162792575, 0.0005888609429904146, 0.0006957166441669902, 0.0007410638561326984, 0.0007624043181338116, 0.0006614147830101364, 0.0007811000478999986, 0.0008202883317698678, 0.0008248049416913395, 0.000708914176495284, 0.0008426727972733337, 0.0008780261195718696, 0.0008684495819057081, 0.0007146729614994945, 0.0008593310663442416, 0.0008932414741190158, 0.0008724837530451578], [1.1053878946698212e-05, 0.00014416001256342017, 0.00041954191910245365, 0.0007098093695067444, 0.0008183694554760929, 0.0008071224110200432, 0.0006515413000179706, 4.561309731611371e-05, 0.000387106741666477, 0.0009572676618960278, 0.00151354368976447, 0.0017877714063961434, 0.0016942031040268932, 0.0013484047988349675, 8.68429363735528e-05, 0.0006281938725328486, 0.0014749953552877786, 0.00230594482525425, 0.0027123837641852087, 0.002487199959906893, 0.001905509605689172, 0.00011542785105361384, 0.000772843902524518, 0.0017568385027688603, 0.002745154209104554, 0.003204131755379421, 0.0028592361245098736, 0.002095593707418496, 0.00011211364472491288, 0.0007358778638548237, 0.0016248090348910573, 0.0025456937257239804, 0.00292634241731777, 0.002469335240092909, 0.001616023243212632, 7.521236193344086e-05, 0.0005471285802651553, 0.0012224063483788825, 0.001945792791292665, 0.0022345410426385013, 0.001773517499378266, 0.0009542085999841313, 3.2810058864618935e-05, 0.0003505931085938681, 0.0007840132880544441, 0.0012924312807828895, 0.001500555787839294, 0.0011149912130676931, 0.00043764254186158763, 0.0009402618319446685, 0.0011350106033911898, 0.0012415541696349658, 0.0013190140079834048, 0.0010528658290276348, 0.0012629810274172972, 0.0013573800554904066, 0.0014104683143667238, 0.001124976819950295, 0.0013519638449395928, 0.001436722233121644, 0.001466205653082903, 0.0011263225879372491, 0.001364548837213675, 0.001441511574515853, 0.0014478429790847442], [1.0401377445266659e-05, 0.00015694971963010052, 0.00047815747457961936, 0.0008183694554760929, 0.0010550323388139947, 0.0010880569115258355, 0.00095671450086895, 4.123455798264151e-05, 0.0004316940057658417, 0.001111931236728677, 0.0018296388129163585, 0.0022850880229083157, 0.002320738554695232, 0.002012634561993029, 8.179955317895373e-05, 0.00070682005319109, 0.0017257118103779546, 0.002794597964340467, 0.00344677161718026, 0.003379277200595228, 0.002831349526536202, 0.00011231038612557107, 0.0008769876555727376, 0.00205740171315745, 0.003315891721352871, 0.00403526688774011, 0.003843837868264247, 0.0031146670746436227, 0.00011003514466829924, 0.0008459377004616748, 0.001904059420536739, 0.0030444322354948507, 0.003609220220215916, 0.003226541998544031, 0.0023702545665181137, 7.27585256410137e-05, 0.0006349769436924194, 0.001420414500109686, 0.002271829116068623, 0.002635595228293679, 0.0021615817521175146, 0.0013054969523279998, 2.5217729331852604e-05, 0.0004039827660366106, 0.0008789997874717373, 0.001425041241433031, 0.0016315318669610887, 0.0011844128353364028, 0.0004620014677152022, 0.0011278917417273712, 0.0014140977802973868, 0.0016089695607547343, 0.0017689781667778, 0.0012525873026760488, 0.0015548447984463805, 0.0017366509731659388, 0.0018726307800391595, 0.0013271002412105581, 0.0016430077966007061, 0.0018114329281043065, 0.0019201287874453055, 0.0013149696871940543, 0.0016343472803569204, 0.0017871442344276397, 0.00186462289642035], [7.120071241688387e-06, 0.00013256327192664546, 0.0004432636793599473, 0.0008071224110200432, 0.0010880569115258355, 0.0013101193175620483, 0.0013054183308470158, 2.9371745525013157e-05, 0.000388092128327999, 0.0010695553269141234, 0.0018501848062979255, 0.0024607843454898036, 0.0027900696947857095, 0.002754369829655822, 6.253233799308453e-05, 0.0006480876098644716, 0.0016811748566147474, 0.0028438214581477154, 0.003715715980877903, 0.004058098612020529, 0.0038834785172155066, 8.958530811088455e-05, 0.0008167798201882839, 0.0020136807652770083, 0.0033779231193264347, 0.004349317067904195, 0.0046195314938632746, 0.004312135878972136, 8.906022480907689e-05, 0.0008067194759299991, 0.0018814327396926398, 0.003099366904182086, 0.003865046958469866, 0.0038446816366355724, 0.003319855572801457, 5.6596531685365634e-05, 0.0006192450625632939, 0.0014119443397954802, 0.0022980481214363514, 0.0027689304210904925, 0.0024988397411842473, 0.0018460192586975364, 1.357788067566227e-05, 0.0004063629596630685, 0.0008829159732036427, 0.0014306656901201089, 0.0016717470504700935, 0.0012929238441687439, 0.0006485841630402215, 0.001140575633566747, 0.0015060576055638806, 0.0018452027345084447, 0.0021589126522169773, 0.0012637344839315288, 0.0016487458501376242, 0.00198286305137561, 0.0022807711027519684, 0.0013386716255003783, 0.0017349425262940352, 0.0020557569427763567, 0.002325894222517104, 0.0013336289145226632, 0.0017281945358392267, 0.002023419095843029, 0.0022489693855178897], [2.2446153680061303e-06, 8.390770714442401e-05, 0.00032740890634917183, 0.0006515413000179706, 0.00095671450086895, 0.0013054183308470158, 0.0016206443667509127, 9.96418984052144e-06, 0.00028124274907423804, 0.0008518921418314877, 0.0015699979799053644, 0.0022467756780066997, 0.002894978780016082, 0.003356237975957202, 2.782680647213888e-05, 0.0004851530850714916, 0.001365644902361823, 0.002436294861101331, 0.003410091678691669, 0.004226858745028061, 0.00473650577111702, 4.251516743895921e-05, 0.0006224705646488496, 0.0016392737991766202, 0.0028889107860494067, 0.003992946782043577, 0.004831652788589193, 0.005295080134540212, 3.7534874902674055e-05, 0.000630680339435038, 0.001545779757914835, 0.0026519253324556688, 0.0035434150801914427, 0.00402757971767696, 0.004144768760171128, 1.0954807987708079e-05, 0.0004920280994713124, 0.0011611421956652563, 0.0019509220825085385, 0.00250247211039645, 0.0025764260810461357, 0.0023558496659256975, -2.3977448517791898e-05, 0.00032955357483326563, 0.0007417271461061559, 0.001229182970420889, 0.0015116263574872686, 0.0013065703357548447, 0.0008716763885477596, 0.0009624386228975623, 0.0013594876168953195, 0.0018412980116753977, 0.0023668107261001024, 0.001061968063661179, 0.0014824192885979034, 0.0019753646782960507, 0.0025028068932629144, 0.001128175803845891, 0.001557193228008001, 0.002039504160744512, 0.002541693333286514, 0.0011426136034339031, 0.001566975034230463, 0.002014531441010762, 0.0024518399638619242], [1.3735888868744484e-05, 2.5487961796089754e-05, 4.132935038527749e-05, 4.561309731611371e-05, 4.123455798264151e-05, 2.9371745525013157e-05, 9.96418984052144e-06, 0.00014218559228638527, 0.0001621941516583575, 0.0002011330957101106, 0.00017457193818537332, 0.00011590541302197205, 6.918810886600195e-05, 1.6406278347240607e-05, 0.0002363234372375123, 0.00029882154918615267, 0.00035497236021793643, 0.0002833913905035163, 0.0001699084272663669, 9.159885977830367e-05, -2.4682313003626736e-08, 0.0003193347314789181, 0.00039227969918358846, 0.00045366271057774266, 0.0003321499390302357, 0.00018795711537801657, 8.000909766426598e-05, -4.6390750200473156e-05, 0.0003639883035762209, 0.00043357985768634254, 0.0004828522131846802, 0.0003106224765854296, 0.00015331150289712083, 2.368487274886147e-05, -0.00012131725981068286, 0.00029952649308275675, 0.0003418688530476588, 0.0003636718179445616, 0.00017636702358893907, 5.904967493829336e-05, -6.012670163528376e-05, -0.00018399385830705808, 0.00021973312562015401, 0.0002440915653835638, 0.0002401958170977282, 5.3646199970479765e-05, -5.8236662601146e-06, -9.890353701024978e-05, -0.00018514442178898358, 0.00016605059588265368, 0.0001683987189982357, 0.0001556303399864207, 8.174981806754516e-05, 0.00018828092374399412, 0.00018686375618766563, 0.0001646105792383403, 6.545576404056946e-05, 0.00020023068638497503, 0.00019382396366622912, 0.00016360964083331341, 4.791577193067168e-05, 0.00020617158048266956, 0.00019977681387392643, 0.00016712359232315608, 3.7848261353232575e-05], [2.164739678039102e-05, 0.00011348299933295709, 0.00026641663206859495, 0.000387106741666477, 0.0004316940057658417, 0.000388092128327999, 0.00028124274907423804, 0.0001621941516583575, 0.0004475378114966588, 0.0007677501103318883, 0.0010029956160708402, 0.0010415629273166037, 0.0008721246262822994, 0.0006031118249340954, 0.0003267811425076478, 0.0007321326735874526, 0.0012457222618178804, 0.0015683510004117574, 0.0015986908884279695, 0.001289183577369483, 0.0008225962696933336, 0.00044174451271345686, 0.0009291516702544557, 0.0015276030596323188, 0.0018784427507175091, 0.0019010757603598173, 0.0014744367895151548, 0.0008441438302836212, 0.0004942238940568087, 0.0009651292565253963, 0.001511659397182849, 0.0017927589902854966, 0.0017839906064117178, 0.0012848291139394511, 0.000579818031005786, 0.00040008032077533455, 0.0007484280006423397, 0.0011504147575738602, 0.0013205347207090855, 0.0013360020291965549, 0.0008838313099352109, 0.00024864106889853745, 0.00028168498527922397, 0.0005256570807599224, 0.0007775876857060945, 0.0008476730039892577, 0.0009150755230553908, 0.0005697411885571972, 9.003618805851633e-05, 0.0006978912646081782, 0.0007903719624900648, 0.0008099799357490209, 0.000742562338752102, 0.0007917230956399446, 0.0008919366213925748, 0.0008949656723172289, 0.0007853230000131915, 0.0008527774931129811, 0.0009595541233543848, 0.0009506304336111847, 0.0008150031426151115, 0.0008758594235108979, 0.000994528523556483, 0.0009842899320141004, 0.0008285087270720804], [3.092094869591832e-05, 0.00023645806978581246, 0.0006205250487653387, 0.0009572676618960278, 0.001111931236728677, 0.0010695553269141234, 0.0008518921418314877, 0.0002011330957101106, 0.0007677501103318883, 0.0016347099980381292, 0.002323367929711132, 0.002598396366854393, 0.0023591843794856984, 0.001815738519677487, 0.0004043354629821121, 0.0012948625162871959, 0.0025668047676851474, 0.003618981604560159, 0.004007887958044434, 0.003512810393333183, 0.0025560984432346123, 0.0005463557834700648, 0.0016282221437316513, 0.003123831145569346, 0.004362566678870325, 0.004804347364395423, 0.004080687358577589, 0.0027740940803276546, 0.0005983144852000982, 0.0016489851643575505, 0.0030274215737636436, 0.0041584106122428, 0.004511772071929677, 0.0035966664545965805, 0.002100323798257189, 0.00047443199021662336, 0.001280157791887752, 0.0023328342236118753, 0.0031837359783093424, 0.003475480277913155, 0.002581344880765173, 0.0011651969339501324, 0.0003229104158354031, 0.0009047848538573732, 0.0016029404959443027, 0.002164044833749374, 0.002426169308564038, 0.0016813926154007806, 0.000536409858108017, 0.0015414827124537336, 0.0018114590184484518, 0.0019323770363840465, 0.0019430952364042839, 0.0017473050591748935, 0.0020417759159361204, 0.002135757800234371, 0.002081837010765611, 0.0018874385432844534, 0.002202910453416689, 0.002275437714350122, 0.002175794278803729, 0.0019371208461832115, 0.002275082944130209, 0.002338157525028103, 0.0021991616251830436], [3.115757355721029e-05, 0.0003322894396997424, 0.0009344268847871431, 0.00151354368976447, 0.0018296388129163585, 0.0018501848062979255, 0.0015699979799053644, 0.00017457193818537332, 0.0010029956160708402, 0.002323367929711132, 0.0036094758927604316, 0.004246279747603941, 0.004096027152609944, 0.0033943857143521597, 0.0003564064490467189, 0.0016769441055481296, 0.0036848591479612257, 0.005596792320195216, 0.006566413194592674, 0.0061203270204288306, 0.004853075727201726, 0.0004850560210393858, 0.002109175847399416, 0.004486372973198284, 0.006781729030827068, 0.00789538040121874, 0.007147659324929632, 0.005395831954954779, 0.000518582995576684, 0.0021164265228973164, 0.0043284085811750375, 0.00648570407649992, 0.00742060914891608, 0.006327505586321884, 0.004256167717537857, 0.0004022180588644344, 0.0016646615060712392, 0.0033900374449626542, 0.00507100004379239, 0.005757926593071412, 0.004565230318625375, 0.00251854788350049, 0.00026018304016376396, 0.0011957920241364407, 0.0023641118614495756, 0.0035212425086665333, 0.0040032293128402455, 0.002914838211892484, 0.0011842188757192904, 0.0023348970554853124, 0.0028398526515551093, 0.0031362338190504893, 0.0033232676417881413, 0.002649530546546641, 0.0031999962550094156, 0.003467517221063505, 0.0035856968152099935, 0.0028679794867700614, 0.0034534242722729126, 0.0036939209833815215, 0.003755956415196594, 0.0029394876386199817, 0.0035508585069072285, 0.003770317048529421, 0.0037765435196891223], [2.538512724759643e-05, 0.00035606511746773104, 0.0010546444713913606, 0.0017877714063961434, 0.0022850880229083157, 0.0024607843454898036, 0.0022467756780066997, 0.00011590541302197205, 0.0010415629273166037, 0.002598396366854393, 0.004246279747603941, 0.005388838800106721, 0.005561787390797769, 0.004992063610045219, 0.000241113649252771, 0.0017328536425786436, 0.004132333942268641, 0.006672397347720888, 0.00833399615823564, 0.008366529670276134, 0.0072666865921298075, 0.0003332955934823734, 0.0021829640612893958, 0.005037484850926586, 0.008117910951901465, 0.010039477570500442, 0.009822986820552534, 0.008267151896924575, 0.00034219500513650054, 0.002184469973555461, 0.0048516836322351105, 0.007764121405566036, 0.00940669763902542, 0.008708139451683172, 0.00674811515683699, 0.0002535968692264034, 0.0017398662830723846, 0.0038301277927104693, 0.00609249326912338, 0.007226126556497415, 0.006199617217151022, 0.0041411700226257385, 0.00014519240559154132, 0.0012657087172464135, 0.002668278860390182, 0.004181474172674088, 0.004853526987358527, 0.0037374931781811965, 0.0019077236262509433, 0.00274700231532019, 0.003507501611664139, 0.00405862354524236, 0.0045053780314605295, 0.003109340537569763, 0.003937752096103777, 0.004476199022420418, 0.004875707995480353, 0.0033602815063711435, 0.00423060898487787, 0.004746237324805728, 0.005094421142476363, 0.003429957538371926, 0.004313511645865292, 0.004793717548912608, 0.005077717523320751], [1.675791648239516e-05, 0.0002897119612719056, 0.0009388453364578932, 0.0016942031040268932, 0.002320738554695232, 0.0027900696947857095, 0.002894978780016082, 6.918810886600195e-05, 0.0008721246262822994, 0.0023591843794856984, 0.004096027152609944, 0.005561787390797769, 0.006461831316577645, 0.00651871732347637, 0.0001462691916498166, 0.0014633629447742705, 0.003796443895260692, 0.006513665859633714, 0.008727495664691404, 0.009802033697748127, 0.009671570816781995, 0.00020369703384022546, 0.0018601302503825409, 0.0046567099371075905, 0.007988150873147384, 0.010614132096277843, 0.011663108248137974, 0.011277762844701692, 0.0001964949312669605, 0.0018817788599820573, 0.004521577238081735, 0.0076962234571069515, 0.010020638490090864, 0.010474237590230655, 0.009555350325864865, 0.0001318887808594319, 0.0015371771163624405, 0.003641354377870453, 0.006132678016647699, 0.007762684287095838, 0.007541044373986972, 0.006208791828052459, 6.290317187853935e-05, 0.0011692474634638816, 0.002619947857074896, 0.0042986066073169215, 0.00525048995630601, 0.00455032956992864, 0.003077022750034176, 0.0026765235007795824, 0.00364236576480849, 0.004554706309824731, 0.005394068002455072, 0.0030373864650905737, 0.004099470985317693, 0.005041203661592254, 0.005876340925668107, 0.0033018547948757775, 0.004415181638128354, 0.005351507457528064, 0.006149113503034635, 0.0034032850551897528, 0.0045238520035163435, 0.005410710868290938, 0.0061268989948606465], [5.337689155890823e-06, 0.00018280911690843294, 0.000684298180132947, 0.0013484047988349675, 0.002012634561993029, 0.002754369829655822, 0.003356237975957202, 1.6406278347240607e-05, 0.0006031118249340954, 0.001815738519677487, 0.0033943857143521597, 0.004992063610045219, 0.00651871732347637, 0.007665742341764179, 4.199098412594565e-05, 0.0010290270483729552, 0.0029735190189636245, 0.005473202121839763, 0.007938090303131461, 0.01010142234816213, 0.011577186221688636, 5.082054798664e-05, 0.001313761202906502, 0.003653620630759429, 0.006742719644604264, 0.009756849690544005, 0.012239432835474563, 0.013841781242266845, 1.548007918407547e-05, 0.0013351079023613307, 0.0035667191205162427, 0.006553700219993065, 0.00935665906098169, 0.011295067104916361, 0.01229051855769962, -3.349241400504046e-05, 0.0011078589510687006, 0.0029232031890243366, 0.005327017697583711, 0.007422453817926878, 0.008453797098155838, 0.008606036733650008, -6.873417040030093e-05, 0.0008837965881750152, 0.00220617215655211, 0.003919978222119284, 0.00527937946184605, 0.005441989786130169, 0.0048736223293992425, 0.0022291889923605336, 0.0032835116438474604, 0.004544198935248939, 0.0059197772760825485, 0.002534774090571283, 0.003719220046143572, 0.005084941032377459, 0.006541013956880143, 0.0027900826225850228, 0.0040474710176821695, 0.005449352356567953, 0.006906009529869552, 0.0029452609546666664, 0.004226838761996278, 0.005586233916264599, 0.006948708120092932], [2.5509840668062923e-05, 4.6994849630757884e-05, 7.617716435927612e-05, 8.68429363735528e-05, 8.179955317895373e-05, 6.253233799308453e-05, 2.782680647213888e-05, 0.0002363234372375123, 0.0003267811425076478, 0.0004043354629821121, 0.0003564064490467189, 0.000241113649252771, 0.0001462691916498166, 4.199098412594565e-05, 0.0005117023056385061, 0.0006221634326440455, 0.0007361683917882884, 0.0005889537546908755, 0.00035297925321574927, 0.0001876491266993869, -9.079779996611296e-07, 0.0006865539972331428, 0.0008550559345249551, 0.0009840490615983368, 0.0007223704662588028, 0.0004072013016313655, 0.00016506655974453247, -0.00010236063942072769, 0.0008066758770076039, 0.0009933962585862224, 0.001107594710508472, 0.0007364036594472291, 0.000369610550419055, 5.2650980811060745e-05, -0.0002674455069587011, 0.0006983015028376776, 0.0008461345669944631, 0.0009164163042224096, 0.0005133897859053135, 0.00020755720128565314, -0.0001066653772666785, -0.00039144312831623253, 0.0005378621945705637, 0.0006639892375432014, 0.0006972219542469483, 0.0003114419741359508, 0.00012673755301829162, -0.00014013359264253302, -0.00035461711731483054, 0.0003576575560492416, 0.0003626178833315474, 0.00033575549632591643, 0.00017918816143603375, 0.0004225418610912764, 0.00041913332939548563, 0.00037121693671514924, 0.0001606817563888678, 0.0004661638525862234, 0.00045162586243076806, 0.000386584190276831, 0.00014418927383829156, 0.0004989907449638295, 0.00048644376771353205, 0.0004178640283381479, 0.00014902741401375954], [3.789921154282251e-05, 0.00018302578800747236, 0.00042772301216019437, 0.0006281938725328486, 0.00070682005319109, 0.0006480876098644716, 0.0004851530850714916, 0.00029882154918615267, 0.0007321326735874526, 0.0012948625162871959, 0.0016769441055481296, 0.0017328536425786436, 0.0014633629447742705, 0.0010290270483729552, 0.0006221634326440455, 0.0013296384309484548, 0.0021649240530161994, 0.00267690443721851, 0.0026922814941558893, 0.0021710946168287787, 0.0013876130296408083, 0.0008781228879621291, 0.0017357627480688665, 0.0027604417580654917, 0.003301362942356332, 0.0032724381712126074, 0.0025145014592832227, 0.001424689158116254, 0.0010194166118818924, 0.0019035514707114432, 0.002880821576072241, 0.003299824043335206, 0.0031853786118677574, 0.0022395189745089907, 0.0009726752029458374, 0.0008746315571008188, 0.0015943361939847749, 0.002365071730781751, 0.002613332222333264, 0.0025256614286202302, 0.0016067080078588836, 0.00041769518059870075, 0.0006574966654404487, 0.0012254319927924218, 0.0017697959807412946, 0.0018802653050304019, 0.0018977442785777622, 0.0011387193213744904, 0.0001907130326686194, 0.001238951571372868, 0.0013971390801750196, 0.0014292921212897358, 0.0012936612818057035, 0.0014445347094604734, 0.001616167996239529, 0.0016172311871926028, 0.0014014421474971873, 0.0015913816970592805, 0.001773075469729696, 0.00175077345313964, 0.0014865460307990975, 0.00167178346058098, 0.0018754067096801723, 0.001849439557626494, 0.0015468986644898142], [5.18802631344692e-05, 0.00036572884099585575, 0.0009526903597966913, 0.0014749953552877786, 0.0017257118103779546, 0.0016811748566147474, 0.001365644902361823, 0.00035497236021793643, 0.0012457222618178804, 0.0025668047676851474, 0.0036848591479612257, 0.004132333942268641, 0.003796443895260692, 0.0029735190189636245, 0.0007361683917882884, 0.0021649240530161994, 0.004239519884770985, 0.005902151907762946, 0.006534635061917075, 0.005789795463387311, 0.004267542745694513, 0.0010403889376557733, 0.0028369116185130534, 0.005331351528650318, 0.007356010102163423, 0.00807792392036458, 0.006929018119136537, 0.004771751084152489, 0.0011885028536632938, 0.0030376382417440072, 0.0054469064922923836, 0.0073519507965557375, 0.007936097511365996, 0.006387416615508804, 0.0038231965001343606, 0.001020212507587245, 0.002566751182256084, 0.004536953498504976, 0.006043383924697009, 0.006511467155726165, 0.004891875683144433, 0.0023697894335393934, 0.0007757101598851348, 0.002017505407228932, 0.003452961063912815, 0.004517258851207874, 0.0049217759314474, 0.003474316115937438, 0.00135439186359538, 0.0026075687626027962, 0.003076298582149056, 0.0032942432394883173, 0.0033014960612871174, 0.0030366646118061245, 0.0035598995717687275, 0.0037390726018423533, 0.003636456406365293, 0.003356401927042564, 0.003923112079061933, 0.004069842058491933, 0.003892333364347558, 0.003526607668745257, 0.004137107989844759, 0.004269708856708749, 0.00402744238359076], [5.09096998177953e-05, 0.0005132206650163697, 0.0014292255131318366, 0.00230594482525425, 0.002794597964340467, 0.0028438214581477154, 0.002436294861101331, 0.0002833913905035163, 0.0015683510004117574, 0.003618981604560159, 0.005596792320195216, 0.006672397347720888, 0.006513665859633714, 0.005473202121839763, 0.0005889537546908755, 0.00267690443721851, 0.005902151907762946, 0.009052718268374952, 0.01070509009424937, 0.010148186150937022, 0.008186231577450765, 0.0008374271369072126, 0.003483208775269218, 0.007451313626243084, 0.011369080720277964, 0.013411369316259858, 0.012415571673401939, 0.0096013310060374, 0.0009318979956858737, 0.003664010339633406, 0.0075518683900202745, 0.011445881052279302, 0.013347044575984875, 0.01178021777878793, 0.008346158811345003, 0.0007954679122788781, 0.003130574602783642, 0.006400142926306008, 0.009670120034845556, 0.011209350085807522, 0.009379340424567402, 0.005862301474792677, 0.0006063495803430228, 0.0025126863792088237, 0.004960854239004587, 0.007404859705973523, 0.008535554041437507, 0.006732598632919522, 0.00364835483482605, 0.0038997670906711856, 0.004808714512726997, 0.0053641967648189485, 0.00570957863636577, 0.004556392650936737, 0.00559165721986254, 0.00613571694186281, 0.006390876103434697, 0.00505840577573071, 0.006188929873987663, 0.006716146143148312, 0.0069007261440318535, 0.0053223729381664696, 0.006519204808452246, 0.007027378987606117, 0.007139891982788198], [4.080073210074559e-05, 0.0005543051246004927, 0.0016199619118196862, 0.0027123837641852087, 0.00344677161718026, 0.003715715980877903, 0.003410091678691669, 0.0001699084272663669, 0.0015986908884279695, 0.004007887958044434, 0.006566413194592674, 0.00833399615823564, 0.008727495664691404, 0.007938090303131461, 0.00035297925321574927, 0.0026922814941558893, 0.006534635061917075, 0.01070509009424937, 0.013597653110553056, 0.013916790625444106, 0.012352851822502894, 0.0005036721689305654, 0.0034794130845611057, 0.008242256657160324, 0.013586991406610514, 0.01721461784150261, 0.017378353250441483, 0.015081914881689541, 0.0005274892461830925, 0.003612347527267405, 0.008322197786419513, 0.013767820557797005, 0.017331039761462597, 0.016892240536676564, 0.013892434065069082, 0.00043922246015808315, 0.0031171145532611967, 0.007146946182472009, 0.011829985491487597, 0.014769585908437119, 0.013796379676006804, 0.010487852526862062, 0.00033285997002927594, 0.0025570473827563537, 0.005622238598553078, 0.009162010827309892, 0.01125831172378422, 0.00992301739861032, 0.00680011155221535, 0.004571014785673669, 0.005966642072470656, 0.007020026032600276, 0.007870717467391056, 0.005353696057408859, 0.006970155545118921, 0.008090047969572857, 0.00892343929821159, 0.0059684315334599, 0.007740456717543495, 0.008892514895122366, 0.009692353135994427, 0.006298067099698363, 0.008154070234054834, 0.009292296070839177, 0.010027839575842775], [2.6425523919380456e-05, 0.00044362590800495124, 0.0014061355786973782, 0.002487199959906893, 0.003379277200595228, 0.004058098612020529, 0.004226858745028061, 9.159885977830367e-05, 0.001289183577369483, 0.003512810393333183, 0.0061203270204288306, 0.008366529670276134, 0.009802033697748127, 0.01010142234816213, 0.0001876491266993869, 0.0021710946168287787, 0.005789795463387311, 0.010148186150937022, 0.013916790625444106, 0.016090910021516, 0.01631519970986208, 0.0002556217044431714, 0.002801370531620129, 0.007331756862427069, 0.013035192392250537, 0.017990473607061453, 0.02058531964566075, 0.02065890538854227, 0.00022704047875461255, 0.002901334905154619, 0.007439656940096007, 0.01338101011217399, 0.018479363950948256, 0.020599307521766363, 0.019974189536604375, 0.00016659092418726926, 0.0025574052991555814, 0.006549096789342052, 0.01180986597006879, 0.0161811166287836, 0.017404194301424196, 0.015990186157378416, 0.00013001707849537853, 0.0022114406957668394, 0.005372790911088051, 0.009474078620926557, 0.012696462536483138, 0.012863719825368207, 0.010877190723365215, 0.004343373362458766, 0.006117867759845116, 0.007839273283891538, 0.009431525653074261, 0.005122116873335069, 0.007220279887091422, 0.00914575801620496, 0.010848016643342638, 0.005778760374051689, 0.00809802800903327, 0.010140862819391885, 0.011873915975430957, 0.006198763140357357, 0.008635647336967145, 0.010682265567816674, 0.01235305581636157], [7.342946006801889e-06, 0.00027060075216500933, 0.0009889872592041948, 0.001905509605689172, 0.002831349526536202, 0.0038834785172155066, 0.00473650577111702, -2.4682313003626736e-08, 0.0008225962696933336, 0.0025560984432346123, 0.004853075727201726, 0.0072666865921298075, 0.009671570816781995, 0.011577186221688636, -9.079779996611296e-07, 0.0013876130296408083, 0.004267542745694513, 0.008186231577450765, 0.012352851822502894, 0.01631519970986208, 0.019355811344857966, -4.0325610208958e-05, 0.001759608100370416, 0.005375372930811215, 0.01058509092818764, 0.01625805830234061, 0.021452297640301363, 0.025265746573566526, -0.00014415209795608133, 0.001762627269196131, 0.005426971331412354, 0.011001651728258005, 0.01713624550821848, 0.022278845804105565, 0.025647177757289186, -0.0002059873368746726, 0.0015475101379743067, 0.004879095558311384, 0.010019261196811602, 0.015592148286573796, 0.019742655899889907, 0.021797195083180464, -0.00020465992078188904, 0.001419018085678131, 0.00423925329685435, 0.008520604984518742, 0.012976559903026989, 0.015497296508741138, 0.015902758129626694, 0.0034777146946195344, 0.005409579686391336, 0.0077470021055225146, 0.010312798745991131, 0.004124624039115192, 0.00647535865560993, 0.009210090437078404, 0.012102789457080569, 0.0047437294152260666, 0.0073959447983647855, 0.010382421207295833, 0.013429899469205175, 0.005247669718644159, 0.008090605924516022, 0.01114577419749863, 0.01415714197416967], [3.452535087665793e-05, 6.202592825556519e-05, 9.91542633002442e-05, 0.00011542785105361384, 0.00011231038612557107, 8.958530811088455e-05, 4.251516743895921e-05, 0.0003193347314789181, 0.00044174451271345686, 0.0005463557834700648, 0.0004850560210393858, 0.0003332955934823734, 0.00020369703384022546, 5.082054798664e-05, 0.0006865539972331428, 0.0008781228879621291, 0.0010403889376557733, 0.0008374271369072126, 0.0005036721689305654, 0.0002556217044431714, -4.0325610208958e-05, 0.0010985419337109976, 0.0013781896055271568, 0.0016059959338371535, 0.0012368355029473879, 0.0007504068738645322, 0.00034881739701325204, -9.554040883077723e-05, 0.0013936533381233103, 0.001832797455941326, 0.0021130719951455218, 0.0015961506628368394, 0.0009684371099920215, 0.0003822355114086313, -0.00017741654768718584, 0.001370789984290176, 0.0018603358135984918, 0.00216080897457352, 0.0016185225939116259, 0.0010098607065300521, 0.00034899296220698516, -0.00021380844163384615, 0.0011930115929799326, 0.0017058256122572783, 0.002013117348227895, 0.0015322840601731387, 0.001054402961564153, 0.0004123477070726562, -9.655168340526476e-05, 0.0005864113147324655, 0.0006036575838160818, 0.0005674337198301158, 0.0003284047846622302, 0.0008009369882087964, 0.0008192412033036943, 0.0007640136603573068, 0.00044502407659451667, 0.0009770398918024085, 0.000990389042629251, 0.0009189695008296042, 0.0005536342159070981, 0.0010976178426417987, 0.0011151431394855781, 0.0010373200305756078, 0.0006319709629487077], [4.933418520978567e-05, 0.00022307000011581506, 0.0005194255054075251, 0.000772843902524518, 0.0008769876555727376, 0.0008167798201882839, 0.0006224705646488496, 0.00039227969918358846, 0.0009291516702544557, 0.0016282221437316513, 0.002109175847399416, 0.0021829640612893958, 0.0018601302503825409, 0.001313761202906502, 0.0008550559345249551, 0.0017357627480688665, 0.0028369116185130534, 0.003483208775269218, 0.0034794130845611057, 0.002801370531620129, 0.001759608100370416, 0.0013781896055271568, 0.0026328855292036186, 0.004037907652186392, 0.004737873850339872, 0.004622095561938292, 0.0035452607261954308, 0.0020119557081459136, 0.0018082402076906937, 0.003292574842952622, 0.004837233344774648, 0.0054258931015217825, 0.005112068072565057, 0.0036277747838471385, 0.0017388704334395308, 0.0018144912122129442, 0.0032943553817458716, 0.004753971280928278, 0.005200965192453064, 0.0048411382613955225, 0.0032202696854635644, 0.0012899782434109964, 0.0016007048997153416, 0.0029953725059587554, 0.0042823981652764945, 0.004639008536383122, 0.004373903852150711, 0.0028552467051978147, 0.0011318943935168212, 0.0017822516167901189, 0.0020119224395980036, 0.002061994853016595, 0.0018516786307411237, 0.002288414203223038, 0.0025621649374818825, 0.0025893679573302506, 0.0022657072433391956, 0.0027042558118660167, 0.0030134022499103334, 0.0030223899287291247, 0.0026303604956753775, 0.002967514770438116, 0.003314344264777046, 0.003316872103563992, 0.0028671453186557205], [6.57707671904136e-05, 0.00043644708241459383, 0.0011310159539194326, 0.0017568385027688603, 0.00205740171315745, 0.0020136807652770083, 0.0016392737991766202, 0.00045366271057774266, 0.0015276030596323188, 0.003123831145569346, 0.004486372973198284, 0.005037484850926586, 0.0046567099371075905, 0.003653620630759429, 0.0009840490615983368, 0.0027604417580654917, 0.005331351528650318, 0.007451313626243084, 0.008242256657160324, 0.007331756862427069, 0.005375372930811215, 0.0016059959338371535, 0.004037907652186392, 0.007424499758287892, 0.010081566631747496, 0.010998072200901243, 0.009475288381532387, 0.0065275990842807545, 0.0021099186389531206, 0.004946178648734382, 0.00854701194075486, 0.01126785602072443, 0.012006277929106789, 0.009774423446868448, 0.006078958436307458, 0.0021643773387002964, 0.004956827027382324, 0.008338042175773481, 0.010764529649627404, 0.011315265873476787, 0.00874266886454134, 0.004847355263667336, 0.0019768887324621703, 0.004582604108990383, 0.007490706857686689, 0.009503162278594683, 0.009913810703348997, 0.007375138182450625, 0.0038171069160621673, 0.0035787936648405028, 0.0042345557450353824, 0.004539120351226658, 0.00451222167315264, 0.004514155676094265, 0.005302651117847447, 0.005597089774987757, 0.005428896458124864, 0.005294012142402787, 0.006192843499470981, 0.00647645351029623, 0.006215687963263197, 0.005792760710921057, 0.006778107388306588, 0.007052033999803741, 0.006707209992052026], [6.25261920803018e-05, 0.0006168743669469202, 0.001708479315847268, 0.002745154209104554, 0.003315891721352871, 0.0033779231193264347, 0.0028889107860494067, 0.0003321499390302357, 0.0018784427507175091, 0.004362566678870325, 0.006781729030827068, 0.008117910951901465, 0.007988150873147384, 0.006742719644604264, 0.0007223704662588028, 0.003301362942356332, 0.007356010102163423, 0.011369080720277964, 0.013586991406610514, 0.013035192392250537, 0.01058509092818764, 0.0012368355029473879, 0.004737873850339872, 0.010081566631747496, 0.015468924637457233, 0.01836227280509617, 0.017276417489955242, 0.013532150276598232, 0.0016574526511756308, 0.005657586596941047, 0.011399417025183696, 0.017186567171240237, 0.02017849871442711, 0.018288173438128462, 0.01348486478112104, 0.0017817551160637872, 0.005701892857587285, 0.01115102833816951, 0.016565265461022053, 0.019224589372749058, 0.016785025304758734, 0.01153707394491975, 0.0017177589631414505, 0.005371507040977149, 0.010085001325880819, 0.014670900823252366, 0.01675037729310984, 0.014077679066621785, 0.009106402249901138, 0.005282331021358591, 0.0065857678445297, 0.007394958625158442, 0.007864385878168777, 0.006631910890567773, 0.008233263438052555, 0.009119102992589317, 0.009507419034357692, 0.00777386536157768, 0.0096157885373125, 0.010555362816713381, 0.010885661329450364, 0.008517592156768701, 0.010519427068576977, 0.01147127286952871, 0.011732473117337262], [5.018698956485811e-05, 0.0006705778485571312, 0.0019381989842381852, 0.003204131755379421, 0.00403526688774011, 0.004349317067904195, 0.003992946782043577, 0.00018795711537801657, 0.0019010757603598173, 0.004804347364395423, 0.00789538040121874, 0.010039477570500442, 0.010614132096277843, 0.009756849690544005, 0.0004072013016313655, 0.0032724381712126074, 0.00807792392036458, 0.013411369316259858, 0.01721461784150261, 0.017990473607061453, 0.01625805830234061, 0.0007504068738645322, 0.004622095561938292, 0.